seci   obuttb zbuttb  enbl	clk |  lock	ulck	seco	rsto	ostatetb  fftb
VCD info: dumpfile fsmtb.lxt opened for output.
VCD warning: $dumpvars: Package ($unit) is not dumpable with VCD.
0 	 1 	 0 	 1 	 0  |  1	0	0	  0	 000	  000
0 	 1 	 0 	 1 	 1  |  1	0	0	  0	 000	  000
0 	 0 	 1 	 1 	 0  |  1	0	0	  0	 000	  101
0 	 0 	 1 	 1 	 1  |  1	0	0	  1	 101	  001
0 	 0 	 1 	 1 	 0  |  1	0	0	  1	 101	  001
0 	 0 	 1 	 1 	 1  |  1	0	0	  0	 001	  011
0 	 0 	 1 	 1 	 0  |  1	0	0	  0	 001	  011
0 	 0 	 1 	 1 	 1  |  1	0	0	  0	 011	  011
0 	 1 	 0 	 1 	 0  |  1	0	0	  0	 011	  001
0 	 1 	 0 	 1 	 1  |  1	0	0	  0	 001	  001
0 	 0 	 1 	 1 	 0  |  1	0	0	  0	 001	  011
0 	 0 	 1 	 1 	 1  |  1	0	0	  0	 011	  011
0 	 0 	 1 	 1 	 0  |  1	0	0	  0	 011	  011
0 	 0 	 1 	 1 	 1  |  1	0	0	  0	 011	  011
0 	 0 	 1 	 1 	 0  |  1	0	0	  0	 011	  011
0 	 0 	 1 	 1 	 1  |  1	0	0	  0	 011	  011
0 	 0 	 0 	 1 	 0  |  1	0	0	  0	 011	  001
0 	 1 	 0 	 1 	 0  |  1	0	0	  0	 011	  001
0 	 1 	 0 	 1 	 1  |  1	0	0	  0	 001	  001
0 	 1 	 0 	 1 	 0  |  1	0	0	  0	 001	  001
0 	 0 	 1 	 1 	 0  |  1	0	0	  0	 001	  011
0 	 0 	 1 	 1 	 1  |  1	0	0	  0	 011	  011
0 	 0 	 1 	 1 	 0  |  1	0	0	  0	 011	  011
0 	 0 	 1 	 1 	 1  |  1	0	0	  0	 011	  011
0 	 0 	 1 	 1 	 0  |  1	0	0	  0	 011	  011
0 	 1 	 0 	 1 	 0  |  1	0	0	  0	 011	  001
0 	 0 	 0 	 1 	 1  |  1	0	0	  0	 001	  001
0 	 0 	 0 	 1 	 0  |  1	0	0	  0	 001	  001
0 	 1 	 0 	 1 	 0  |  1	0	0	  0	 001	  001
fsm-tb.sv:75: $finish called at 30 (1ns)
0 	 1 	 0 	 1 	 1  |  1	0	0	  0	 001	  001
